{
  "nbformat": 4,
  "nbformat_minor": 0,
  "metadata": {
    "colab": {
      "name": "Qualp_data.ipynb",
      "provenance": []
    },
    "kernelspec": {
      "name": "python3",
      "display_name": "Python 3"
    },
    "language_info": {
      "name": "python"
    }
  },
  "cells": [
    {
      "cell_type": "code",
      "execution_count": 4,
      "metadata": {
        "colab": {
          "base_uri": "https://localhost:8080/",
          "height": 363
        },
        "id": "WGoVHexKYil5",
        "outputId": "4ee111dc-1148-4520-aa06-27144376c33e"
      },
      "outputs": [
        {
          "output_type": "execute_result",
          "data": {
            "text/plain": [
              "               Limeira  Cosmópolis  Mogi Mirim  Santa Barbara  Holambra  \\\n",
              "Limeira           0.00       36.37       93.48          44.40    110.30   \n",
              "Cosmópolis       36.37        0.00       81.92          60.04     36.53   \n",
              "Mogi Mirim       93.48       81.92        0.00         140.81     36.32   \n",
              "Santa Barbara    44.40       60.04      140.81           0.00     88.33   \n",
              "Holambra        110.30       36.53       36.32          88.33      0.00   \n",
              "Rio Claro        63.65       90.76      141.29          92.94    160.05   \n",
              "Araras           54.87       82.07       91.80          88.34    119.39   \n",
              "Piracicaba       64.87       94.47      157.27          37.12    176.03   \n",
              "Sumaré           75.99       80.28      161.05          62.12    112.85   \n",
              "Paulínia         84.74       48.36      125.41         110.14     80.72   \n",
              "\n",
              "               Rio Claro  Araras  Piracicaba  Sumaré  Paulínia  \n",
              "Limeira            63.65   54.87       64.87   75.99     84.74  \n",
              "Cosmópolis         90.76   82.07       94.47   80.28     48.36  \n",
              "Mogi Mirim        141.29   91.80      157.27  161.05    125.41  \n",
              "Santa Barbara      92.94   88.34       37.12   62.12    110.14  \n",
              "Holambra          160.05  119.39      176.03  112.85     80.72  \n",
              "Rio Claro           0.00   41.64       69.88  130.86    139.62  \n",
              "Araras             41.64    0.00      112.99  123.23    131.99  \n",
              "Piracicaba         69.88  112.99        0.00   85.15    141.38  \n",
              "Sumaré            130.86  123.23       85.15    0.00     46.76  \n",
              "Paulínia          139.62  131.99      141.38   46.76      0.00  "
            ],
            "text/html": [
              "\n",
              "  <div id=\"df-e92b78f4-81f6-4f41-a919-663b26446b01\">\n",
              "    <div class=\"colab-df-container\">\n",
              "      <div>\n",
              "<style scoped>\n",
              "    .dataframe tbody tr th:only-of-type {\n",
              "        vertical-align: middle;\n",
              "    }\n",
              "\n",
              "    .dataframe tbody tr th {\n",
              "        vertical-align: top;\n",
              "    }\n",
              "\n",
              "    .dataframe thead th {\n",
              "        text-align: right;\n",
              "    }\n",
              "</style>\n",
              "<table border=\"1\" class=\"dataframe\">\n",
              "  <thead>\n",
              "    <tr style=\"text-align: right;\">\n",
              "      <th></th>\n",
              "      <th>Limeira</th>\n",
              "      <th>Cosmópolis</th>\n",
              "      <th>Mogi Mirim</th>\n",
              "      <th>Santa Barbara</th>\n",
              "      <th>Holambra</th>\n",
              "      <th>Rio Claro</th>\n",
              "      <th>Araras</th>\n",
              "      <th>Piracicaba</th>\n",
              "      <th>Sumaré</th>\n",
              "      <th>Paulínia</th>\n",
              "    </tr>\n",
              "  </thead>\n",
              "  <tbody>\n",
              "    <tr>\n",
              "      <th>Limeira</th>\n",
              "      <td>0.00</td>\n",
              "      <td>36.37</td>\n",
              "      <td>93.48</td>\n",
              "      <td>44.40</td>\n",
              "      <td>110.30</td>\n",
              "      <td>63.65</td>\n",
              "      <td>54.87</td>\n",
              "      <td>64.87</td>\n",
              "      <td>75.99</td>\n",
              "      <td>84.74</td>\n",
              "    </tr>\n",
              "    <tr>\n",
              "      <th>Cosmópolis</th>\n",
              "      <td>36.37</td>\n",
              "      <td>0.00</td>\n",
              "      <td>81.92</td>\n",
              "      <td>60.04</td>\n",
              "      <td>36.53</td>\n",
              "      <td>90.76</td>\n",
              "      <td>82.07</td>\n",
              "      <td>94.47</td>\n",
              "      <td>80.28</td>\n",
              "      <td>48.36</td>\n",
              "    </tr>\n",
              "    <tr>\n",
              "      <th>Mogi Mirim</th>\n",
              "      <td>93.48</td>\n",
              "      <td>81.92</td>\n",
              "      <td>0.00</td>\n",
              "      <td>140.81</td>\n",
              "      <td>36.32</td>\n",
              "      <td>141.29</td>\n",
              "      <td>91.80</td>\n",
              "      <td>157.27</td>\n",
              "      <td>161.05</td>\n",
              "      <td>125.41</td>\n",
              "    </tr>\n",
              "    <tr>\n",
              "      <th>Santa Barbara</th>\n",
              "      <td>44.40</td>\n",
              "      <td>60.04</td>\n",
              "      <td>140.81</td>\n",
              "      <td>0.00</td>\n",
              "      <td>88.33</td>\n",
              "      <td>92.94</td>\n",
              "      <td>88.34</td>\n",
              "      <td>37.12</td>\n",
              "      <td>62.12</td>\n",
              "      <td>110.14</td>\n",
              "    </tr>\n",
              "    <tr>\n",
              "      <th>Holambra</th>\n",
              "      <td>110.30</td>\n",
              "      <td>36.53</td>\n",
              "      <td>36.32</td>\n",
              "      <td>88.33</td>\n",
              "      <td>0.00</td>\n",
              "      <td>160.05</td>\n",
              "      <td>119.39</td>\n",
              "      <td>176.03</td>\n",
              "      <td>112.85</td>\n",
              "      <td>80.72</td>\n",
              "    </tr>\n",
              "    <tr>\n",
              "      <th>Rio Claro</th>\n",
              "      <td>63.65</td>\n",
              "      <td>90.76</td>\n",
              "      <td>141.29</td>\n",
              "      <td>92.94</td>\n",
              "      <td>160.05</td>\n",
              "      <td>0.00</td>\n",
              "      <td>41.64</td>\n",
              "      <td>69.88</td>\n",
              "      <td>130.86</td>\n",
              "      <td>139.62</td>\n",
              "    </tr>\n",
              "    <tr>\n",
              "      <th>Araras</th>\n",
              "      <td>54.87</td>\n",
              "      <td>82.07</td>\n",
              "      <td>91.80</td>\n",
              "      <td>88.34</td>\n",
              "      <td>119.39</td>\n",
              "      <td>41.64</td>\n",
              "      <td>0.00</td>\n",
              "      <td>112.99</td>\n",
              "      <td>123.23</td>\n",
              "      <td>131.99</td>\n",
              "    </tr>\n",
              "    <tr>\n",
              "      <th>Piracicaba</th>\n",
              "      <td>64.87</td>\n",
              "      <td>94.47</td>\n",
              "      <td>157.27</td>\n",
              "      <td>37.12</td>\n",
              "      <td>176.03</td>\n",
              "      <td>69.88</td>\n",
              "      <td>112.99</td>\n",
              "      <td>0.00</td>\n",
              "      <td>85.15</td>\n",
              "      <td>141.38</td>\n",
              "    </tr>\n",
              "    <tr>\n",
              "      <th>Sumaré</th>\n",
              "      <td>75.99</td>\n",
              "      <td>80.28</td>\n",
              "      <td>161.05</td>\n",
              "      <td>62.12</td>\n",
              "      <td>112.85</td>\n",
              "      <td>130.86</td>\n",
              "      <td>123.23</td>\n",
              "      <td>85.15</td>\n",
              "      <td>0.00</td>\n",
              "      <td>46.76</td>\n",
              "    </tr>\n",
              "    <tr>\n",
              "      <th>Paulínia</th>\n",
              "      <td>84.74</td>\n",
              "      <td>48.36</td>\n",
              "      <td>125.41</td>\n",
              "      <td>110.14</td>\n",
              "      <td>80.72</td>\n",
              "      <td>139.62</td>\n",
              "      <td>131.99</td>\n",
              "      <td>141.38</td>\n",
              "      <td>46.76</td>\n",
              "      <td>0.00</td>\n",
              "    </tr>\n",
              "  </tbody>\n",
              "</table>\n",
              "</div>\n",
              "      <button class=\"colab-df-convert\" onclick=\"convertToInteractive('df-e92b78f4-81f6-4f41-a919-663b26446b01')\"\n",
              "              title=\"Convert this dataframe to an interactive table.\"\n",
              "              style=\"display:none;\">\n",
              "        \n",
              "  <svg xmlns=\"http://www.w3.org/2000/svg\" height=\"24px\"viewBox=\"0 0 24 24\"\n",
              "       width=\"24px\">\n",
              "    <path d=\"M0 0h24v24H0V0z\" fill=\"none\"/>\n",
              "    <path d=\"M18.56 5.44l.94 2.06.94-2.06 2.06-.94-2.06-.94-.94-2.06-.94 2.06-2.06.94zm-11 1L8.5 8.5l.94-2.06 2.06-.94-2.06-.94L8.5 2.5l-.94 2.06-2.06.94zm10 10l.94 2.06.94-2.06 2.06-.94-2.06-.94-.94-2.06-.94 2.06-2.06.94z\"/><path d=\"M17.41 7.96l-1.37-1.37c-.4-.4-.92-.59-1.43-.59-.52 0-1.04.2-1.43.59L10.3 9.45l-7.72 7.72c-.78.78-.78 2.05 0 2.83L4 21.41c.39.39.9.59 1.41.59.51 0 1.02-.2 1.41-.59l7.78-7.78 2.81-2.81c.8-.78.8-2.07 0-2.86zM5.41 20L4 18.59l7.72-7.72 1.47 1.35L5.41 20z\"/>\n",
              "  </svg>\n",
              "      </button>\n",
              "      \n",
              "  <style>\n",
              "    .colab-df-container {\n",
              "      display:flex;\n",
              "      flex-wrap:wrap;\n",
              "      gap: 12px;\n",
              "    }\n",
              "\n",
              "    .colab-df-convert {\n",
              "      background-color: #E8F0FE;\n",
              "      border: none;\n",
              "      border-radius: 50%;\n",
              "      cursor: pointer;\n",
              "      display: none;\n",
              "      fill: #1967D2;\n",
              "      height: 32px;\n",
              "      padding: 0 0 0 0;\n",
              "      width: 32px;\n",
              "    }\n",
              "\n",
              "    .colab-df-convert:hover {\n",
              "      background-color: #E2EBFA;\n",
              "      box-shadow: 0px 1px 2px rgba(60, 64, 67, 0.3), 0px 1px 3px 1px rgba(60, 64, 67, 0.15);\n",
              "      fill: #174EA6;\n",
              "    }\n",
              "\n",
              "    [theme=dark] .colab-df-convert {\n",
              "      background-color: #3B4455;\n",
              "      fill: #D2E3FC;\n",
              "    }\n",
              "\n",
              "    [theme=dark] .colab-df-convert:hover {\n",
              "      background-color: #434B5C;\n",
              "      box-shadow: 0px 1px 3px 1px rgba(0, 0, 0, 0.15);\n",
              "      filter: drop-shadow(0px 1px 2px rgba(0, 0, 0, 0.3));\n",
              "      fill: #FFFFFF;\n",
              "    }\n",
              "  </style>\n",
              "\n",
              "      <script>\n",
              "        const buttonEl =\n",
              "          document.querySelector('#df-e92b78f4-81f6-4f41-a919-663b26446b01 button.colab-df-convert');\n",
              "        buttonEl.style.display =\n",
              "          google.colab.kernel.accessAllowed ? 'block' : 'none';\n",
              "\n",
              "        async function convertToInteractive(key) {\n",
              "          const element = document.querySelector('#df-e92b78f4-81f6-4f41-a919-663b26446b01');\n",
              "          const dataTable =\n",
              "            await google.colab.kernel.invokeFunction('convertToInteractive',\n",
              "                                                     [key], {});\n",
              "          if (!dataTable) return;\n",
              "\n",
              "          const docLinkHtml = 'Like what you see? Visit the ' +\n",
              "            '<a target=\"_blank\" href=https://colab.research.google.com/notebooks/data_table.ipynb>data table notebook</a>'\n",
              "            + ' to learn more about interactive tables.';\n",
              "          element.innerHTML = '';\n",
              "          dataTable['output_type'] = 'display_data';\n",
              "          await google.colab.output.renderOutput(dataTable, element);\n",
              "          const docLink = document.createElement('div');\n",
              "          docLink.innerHTML = docLinkHtml;\n",
              "          element.appendChild(docLink);\n",
              "        }\n",
              "      </script>\n",
              "    </div>\n",
              "  </div>\n",
              "  "
            ]
          },
          "metadata": {},
          "execution_count": 4
        }
      ],
      "source": [
        "import pandas as pd\n",
        "\n",
        "logistics_cost = [\n",
        "     [ 0,  36.37,  93.48,  44.40, 110.30,  63.65,  54.87,  64.87,  75.99,  84.74],\n",
        "     [  36.37, 0,  81.92,  60.04,  36.53,  90.76,  82.07,  94.47,  80.28,  48.36],\n",
        "     [  93.48,  81.92, 0, 140.81,  36.32, 141.29,  91.80, 157.27, 161.05, 125.41],\n",
        "     [  44.40,  60.04, 140.81, 0,  88.33,  92.94,  88.34,  37.12,  62.12, 110.14],\n",
        "     [ 110.30,  36.53,  36.32,  88.33, 0, 160.05, 119.39, 176.03, 112.85,  80.72],\n",
        "     [  63.65,  90.76, 141.29,  92.94, 160.05, 0,  41.64,  69.88, 130.86, 139.62],\n",
        "     [  54.87,  82.07,  91.80,  88.34, 119.39,  41.64, 0, 112.99, 123.23, 131.99],\n",
        "     [  64.87,  94.47, 157.27,  37.12, 176.03,  69.88, 112.99, 0,  85.15, 141.38],\n",
        "     [  75.99,  80.28, 161.05,  62.12, 112.85, 130.86, 123.23,  85.15, 0,  46.76],\n",
        "     [  84.74,  48.36, 125.41, 110.14,  80.72, 139.62, 131.99, 141.38,  46.76, 0],\n",
        "     ]\n",
        "\n",
        "# Origens\n",
        "origin = ['Limeira','Cosmópolis','Mogi Mirim','Santa Barbara','Holambra','Rio Claro','Araras','Piracicaba','Sumaré','Paulínia']\n",
        "# Destinos\n",
        "destiny = ['Limeira','Cosmópolis','Mogi Mirim','Santa Barbara','Holambra','Rio Claro','Araras','Piracicaba','Sumaré','Paulínia']\n",
        "\n",
        "tabela = pd.DataFrame(data=logistics_cost, index=origin, columns=destiny)\n",
        "tabela"
      ]
    }
  ]
}